14163
14163
14179
14179
14179
14163
14163
14163
14179
14163
14179
14179
14179
14163
14179
14179
14179
14179
14179
14179
14179
14179
14179
14179
14163
14179
14179
14163
14179
14179
14163
14179
14163
14163
14179
14179
14163
14179
14179
14163
14179
14179
14163
14179
14179
14179
14179
14179
14179
14179
14179
14179
14179
14179
14179
14163
14179
14179
14163
14179
14179
14179
14179
14179
14179
14179
14179
14179
14179
14179
14179
14163
14179
14179
14179
14179
14179
14179
14163
14179
14179
14179
14179
14179
14163
14179
14163
14163
14179
14179
14179
14179
14179
14179
14179
14179
14163
14163
14179
14179
